0.1295470201692689        0.13439761350541224      5.305449121604202
0                         0.19999999999999998      5.454545454546923
0                         0                        5
0.2000000000000003        0                        5
0.14672491357104722       0.2973663024866646       5.675832505653663
0                         0.4                      5.9090909090937656
0.40000000000000024       0                        5
0.3008099496715438        0.1744496480402933       5.396476472820127
0.14775775309401457       0.4914871721256208       6.117016300288975
0                         0.6                      6.363636363640544
0.5091465884581546        0.16200489065274956      5.368192933302891
0.6000000000000002        0                        5
0.30202531191383875       0.38378897332717304      5.872247666655412
0.44292211974769324       0.3074521750565491       5.698754943312556
0.29756774684352505       0.545115161697487        6.238898094770841
0.18011083841900666       0.6927092182677271       6.574339132431421
0                         0.8                      6.818181818187257
0.13733775093781178       0.8693189258203885       6.975724831415826
0                         1                        7.272727272733887
0.7018435974651749        0.16484795646331146      5.374654446508727
0.8000000000000002        0                        5
0.6093038638645151        0.32527956435634353      5.739271737175835
0.47636938855520833       0.4868633805564232       6.106507683086211
0.3926861035405654        0.6818218482825961       6.549595109737865
0.30657791627005226       0.853885410834216        6.940648660992609
0.2                       1                        7.272727272733886
0.9000507649345394        0.1648520091946944       5.374663657261867
1                         0                        5
0.7997383635454804        0.3294057503980255       5.748649432725137
0.695701943422819         0.4960299644183211       6.127340828226926
0.5914966671713767        0.6672116956048292       6.516390217288284
0.49734450678653425       0.8409775583894029       6.9113126327088485
0.4000000000000001        1                        7.272727272733863
1.0996509936768732        0.1650602895841986       5.375137021783467
1.2000000000000002        0                        5
0.9990582231264932        0.33060418956082926      5.751373158095148
0.8975010957468988        0.49699369715029457      6.129531129890503
0.794912564862631         0.6646995023329225       6.5106806871248315
0.6958322667269635        0.833084059244697        6.893372861925363
0.6                       1                        7.2727272727338494
1.2996506916017017        0.16523917750140502      5.375543585231665
1.4                       0                        5
1.199155177179449         0.331013319621629        5.752302999142423
1.098401243725197         0.4974348986050694       6.130533860469543
0.9972788735278573        0.6641886505300933       6.509519660300213
0.8975559177556057        0.8321796456644144       6.891317376515613
0.8                       1                        7.272727272733836
1.4997460291649822        0.16540449815782815      5.3759193139962695
1.6000000000000003        0                        5
1.3993736690611174        0.3312868191707679       5.752924589026837
1.6998891820160118        0.1654812084399116       5.376093655546458
1.8000000000000003        0                        5
1.9001658966966524        0.16529839641745106      5.375678173677236
2                         0                        5
1.2989515223071582        0.4977439886458825       6.131236337835034
1.1985204917921617        0.664485317013245        6.5101939023073845
1.0986924364075608        0.8320352730791617       6.89098925700367
1                         1                        7.272727272733821
1.599589849117847         0.3314735885985903       5.75334906499917
1.4992757183843137        0.4979612128485207       6.131730029204674
1.7998711633462456        0.3314570275845622       5.7533114263309235
2.100849873970886         0.1643757602544982       5.373581273306883
2.2                       0                        5
2.0004287226945245        0.3309444789714717       5.752146543119358
2.3027688127808013        0.16103090948564913      5.3659793397413
2.4000000000000004        0                        5
2.5009423218174573        0.1562283407896169       5.355064410886654
2.6                       0                        5
1.3990376187509908        0.6646377011898941       6.5105402299815935
1.2991990375991749        0.8320398011100192       6.890999547982896
1.2                       1                        7.272727272733827
1.6994920616137101        0.49806421594853706      6.1319641271592635
1.5992462652145447        0.6647925804819957       6.510892228372742
1.899747882295291         0.49800375510334377      6.131826716147469
2.201772955822255         0.3292013706049916       5.748184933195539
2.100219320201615         0.4975677335499633       6.1308357580716155
2.404037533911991         0.3239000597455113       5.73613649942397
2.5982174988424194        0.3038350388159941       5.690534179129479
2.694113067700398         0.1453156879581048       5.330262927178597
2.8                       0                        5
2.8628024954977196        0.12873538899480508      5.29258042953461
3                         0                        5
1.4992498633100926        0.8319123231022937       6.890709825238074
1.4                       1                        7.272727272733833
1.7992497664748344        0.6648362623175368       6.510991505271709
1.6993786593125273        0.8322932206857935       6.891575501564232
1.9992372597331396        0.6651829865221315       6.511779514827629
2.3023444716660357        0.4974194558969955       6.130498763405796
2.19824664127608          0.665921673714711        6.5134583493562355
2.517902581851811         0.5042353108616536       6.145989342870984
2.6948834900420464        0.4450325436342446       6.0114375991719315
2.8198994097882           0.2983612570159207       5.678093765947456
3                         0.19999999999999996      5.454545454546934
1.6                       1                        7.27272727273385
1.8994053508632494        0.8324559873006523       6.891945425688931
1.7999999999999998        1                        7.272727272733877
2.098593872730908         0.8324818126640492       6.892004119696662
2.392644729597471         0.6691407610212616       6.520774456871165
2.2964786470915515        0.8338258252936023       6.8950586938547636
2.5537097130620956        0.689890956389225        6.567933991798499
2.6943110189523445        0.610955383808289        6.388534963204955
2.844086940775457         0.5077757276693652       6.154035744706726
3                         0.4                      5.909090909093799
2                         1                        7.272727272733893
2.1999999999999997        1                        7.272727272733907
2.489422237238531         0.835447474105488        6.898744259336353
2.4                       1                        7.272727272733923
2.6925722967248875        0.8189224397501865       6.861187363074214
2.849962623009971         0.7000747162763714       6.591078900632996
3                         0.6                      6.363636363640599
2.5999999999999996        1                        7.272727272733939
2.8                       1                        7.272727272733949
2.868805481607138         0.8627947464303879       6.960897150984037
3.0000000000000004        0.8                      6.818181818187324
3                         1                        7.272727272733957
0.12954702016926894       1.1343976135054121       7.333817097054663
0                         1.2                      7.363636363643169
0.14672491357104742       1.2973663024866646       7.407893773864436
0                         1.4                      7.454545454552355
0.3008099496715443        1.1744496480402933       7.352022567297807
0.1477577530940149        1.4914871721256209       7.496130532791288
0                         1.6                      7.545454545461451
0.13733775093781184       1.8693189258203886       7.667872239016039
0                         2                        7.727272727279385
0                         1.8                      7.6363636363704614
0.5091465884581546        1.1620048906527498       7.346365859394356
0.3020253119138389        1.3837889733271733       7.447176806064689
0.44292211974769324       1.3074521750565493       7.412478261396187
0.18011083841900666       1.692709218267727        7.587595099219478
0.29756774684352505       1.545115161697487        7.520506891687586
0.7018435974651751        1.164847956463312        7.3476581620355
0.2                       2                        7.727272727279371
0.3065779162700526        1.853885410834216        7.660857004931416
0.6093038638645148        1.325279564356344        7.42058162016881
0.47636938855520833       1.4868633805564233       7.49402880935071
0.39268610354056555       1.6818218482825962       7.582646294680763
0.9000507649345394        1.1648520091946946       7.347660004186117
0.7997383635454804        1.3294057503980259       7.4224571592786495
0.4000000000000001        2                        7.727272727279353
0.4973445067865346        1.840977558389403        7.6549897992746745
0.695701943422819         1.4960299644183213       7.498195438378832
0.5914966671713768        1.667211695604829        7.576005316190858
1.0996509936768732        1.1650602895841986       7.347754677090427
0.9990582231264932        1.3306041895608296       7.4230019043526445
0.8975010957468988        1.4969936971502946       7.49863349871154
0.6                       2                        7.727272727279339
0.695832266726964         1.8330840592446973       7.651401845117982
0.794912564862631         1.6646995023329227       7.574863410158172
1.2996506916017017        1.1652391775014053       7.347835989780079
1.1991551771794489        1.3310133196216294       7.423187872562097
1.098401243725197         1.4974348986050696       7.498834044827343
0.9972788735278573        1.6641886505300936       7.5746312047932465
0.8                       2                        7.7272727272793285
0.8975559177556058        1.8321796456644144       7.650990748036036
1.4997460291649822        1.1654044981578282       7.34791113553301
1.3993736690611174        1.3312868191707683       7.42331219053898
1.298951522307158         1.497743988645883        7.49897454030044
1.1985204917921617        1.6644853170132452       7.5747660531946766
1.0986924364075605        1.8320352730791616       7.6509251241336385
1                         2                        7.727272727279323
1.6998891820160118        1.1654812084399115       7.347946003843076
1.599589849117847         1.3314735885985907       7.423397085733463
1.4992757183843137        1.497961212848521        7.499073278574369
1.3990376187509908        1.6646377011898943       7.574835318729517
1.2991990375991747        1.8320398011100192       7.650927182329485
1.2                       2                        7.727272727279324
1.9001658966966524        1.165298396417451        7.347862907469252
1.7998711633462456        1.3314570275845625       7.423389557999841
1.6994920616137101        1.4980642159485373       7.499120098165306
1.5992462652145445        1.6647925804819959       7.574905718407756
1.4992498633100926        1.831912323102294        7.6508692377805305
1.4                       2                        7.7272727272793285
2.100849873970886         1.1643757602544984       7.347443527395195
2.0004287226945245        1.330944478971472        7.423156581357547
2.3027688127808013        1.1610309094856497       7.345923140682086
2.5009423218174573        1.156228340789617        7.343740154911175
1.899747882295291         1.498003755103344        7.499092615962966
1.7992497664748346        1.6648362623175368       7.5749255737875645
1.6993786593125277        1.8322932206857938       7.651042373045769
1.6                       2                        7.727272727279337
2.100219320201615         1.4975677335499633       7.4988944243478
2.2017729558222547        1.3292013706049919       7.4223642593727925
2.4040375339119904        1.3239000597455113       7.419954572618491
2.694113067700398         1.1453156879581048       7.338779858169585
2.5982174988424194        1.3038350388159943       7.4108341085596185
2.8628024954977196        1.128735388994805        7.33124335864081
1.9992372597331396        1.6651829865221315       7.575083175698748
1.8994053508632496        1.8324559873006523       7.651116357870708
1.7999999999999998        2                        7.7272727272793444
2.19824664127608          1.6659216737147107       7.575418942604486
2.3023444716660353        1.4974194558969955       7.498827025414649
2.517902581851811         1.5042353108616537       7.501925141307693
2.694883490042046         1.4450325436342446       7.47501479256797
2.8198994097881998        1.2983612570159206       7.408346025923238
3                         1.2                      7.363636363643221
2.098593872730908         1.8324818126640494       7.651128096672271
2                         2                        7.727272727279363
2.2964786470915515        1.8338258252936024       7.651739011503898
2.392644729597471         1.6691407610212616       7.576882164107474
2.5537097130620956        1.6898909563892253       7.586314071092931
2.6943110189523445        1.6109553838082888       7.55043426537435
2.844086940775457         1.507775727669365        7.503534421674858
3                         1.4                      7.4545454545524015
2.1999999999999997        2                        7.727272727279373
2.4                       2                        7.727272727279389
2.489422237238531         1.8354474741054878       7.652476124600219
2.6925722967248875        1.8189224397501866       7.644964745347854
2.849962623009971         1.7000747162763714       7.590943052859827
3                         1.6                      7.5454545454614985
2.5999999999999996        2                        7.727272727279408
2.8                       2                        7.7272727272794315
2.868805481607138         1.8627947464303878       7.664906702929748
3.0000000000000004        1.8                      7.636363636370526
3                         2                        7.727272727279445
0.12954702016926894       2.1343976135054126       8.03272184888185
0                         2.2                      8.181818181823713
0.1467249135710474        2.297366302486665        8.40310523292918
0                         2.4000000000000004       8.636363636367928
0.1477577530940149        2.4914871721256215       8.844289027561935
0                         2.5999999999999996       9.090909090912051
0.3008099496715443        2.1744496480402935       8.123749200097238
0.180110838419007         2.6927092182677277       9.3016118597017
0                         2.8000000000000003       9.545454545456092
0.13733775093781192       2.8693189258203886       9.70299755868373
0                         3                        10
0.30202531191383863       2.383788973327173        8.599520393929785
0.29756774684352416       2.5451151616974874       8.966170822043086
0.44292211974769313       2.3074521750565493       8.42602767058792
0.5091465884581545        2.16200489065275         8.095465660580146
0.3926861035405653        2.681821848282597        9.276867837008288
0.3065779162700526        2.853885410834216        9.667921388260725
0.2                       3                        10
0.47636938855520805       2.486863380556423        8.83378041035922
0.6093038638645148        2.325279564356345        8.466544464450962
0.7018435974651751        2.164847956463312        8.101927173785931
0.5914966671713765        2.6672116956048293       9.243662944558908
0.4973445067865346        2.8409775583894037       9.638585359977151
0.4000000000000001        3                        10
0.6957019434228187        2.4960299644183213       8.854613555499816
0.7997383635454804        2.329405750398026        8.4759221600002
0.9000507649345394        2.1648520091946946       8.101936384539066
0.794912564862631         2.664699502332923        9.237953414395497
0.6958322667269636        2.8330840592446966       9.620645589193778
0.6                       3.0000000000000004       10
0.8975010957468988        2.496993697150294        8.856803857163372
0.9990582231264932        2.330604189560829        8.478645885370192
1.0996509936768732        2.165060289584199        8.102409749060662
0.9972788735278573        2.6641886505300936       9.236792387570882
0.8975559177556057        2.8321796456644144       9.618590103784042
0.8                       3                        10
1.098401243725197         2.4974348986050696       8.8578065877424
1.1991551771794489        2.331013319621629        8.479575726417464
1.2996506916017017        2.165239177501405        8.102816312508859
1.1985204917921617        2.6644853170132454       9.237466629578044
1.0986924364075605        2.832035273079162        9.61826198427211
1                         3                        10
1.298951522307158         2.4977439886458823       8.85850906510788
1.3993736690611174        2.331286819170768        8.480197316301862
1.4997460291649822        2.1654044981578284       8.103192041273457
1.3990376187509908        2.6646377011898945       9.237812957252233
1.2991990375991747        2.8320398011100196       9.618272275251329
1.2                       3                        10
1.4992757183843137        2.497961212848521        8.859002756477516
1.6998891820160118        2.165481208439912        8.103366382823667
1.599589849117847         2.3314735885985907       8.480621792274194
1.5992462652145445        2.6647925804819956       9.238164955643372
1.4992498633100926        2.8319123231022942       9.617982552506492
1.4                       3                        10
1.6994920616137101        2.498064215948537        8.8592368544321
1.9001658966966524        2.1652983964174513       8.102950900954447
1.7998711633462456        2.3314570275845625       8.48058415360596
1.7992497664748346        2.6648362623175372       9.238264232542342
1.6993786593125277        2.832293220685793        9.618848228832631
1.6                       3                        10
1.899747882295291         2.4980037551033445       8.859099443420318
2.100849873970886         2.1643757602544986       8.100854000584109
2.0004287226945245        2.3309444789714724       8.479419270394404
1.9992372597331391        2.6651829865221317       9.239052242098241
1.8994053508632496        2.8324559873006527       9.619218152957309
1.7999999999999998        3                        10
2.3027688127808013        2.1610309094856497       8.09325206701858
2.1002193202016146        2.497567733549964        8.858108485344461
2.2017729558222547        2.329201370604992        8.475457660470608
2.500942321817457         2.1562283407896166       8.082337138164007
2.19824664127608          2.665921673714711        9.240731076626831
2.098593872730908         2.8324818126640494       9.619276846965036
2                         3                        10
2.40403753391199          2.3239000597455117       8.463409226699115
2.3023444716660344        2.497419455896996        8.85777149067863
2.5982174988424194        2.3038350388159943       8.417806906404893
2.694113067700398         2.145315687958105        8.05753565445611
2.8628024954977196        2.128735388994805        8.019853156812355
2.392644729597471         2.669140761021262        9.248047184141717
2.2964786470915515        2.833825825293603        9.622331421123105
2.1999999999999997        3                        10
2.5179025818518106        2.504235310861654        8.87326207014375
2.6948834900420464        2.445032543634245        8.738710326445498
2.8198994097881998        2.2983612570159213       8.405366493222973
3                         2.2                      8.181818181823756
2.5537097130620956        2.689890956389225        9.295206719068778
2.489422237238531         2.835447474105488        9.626016986604666
2.4                       3                        10
2.694311018952345         2.610955383808289        9.115807690476304
2.844086940775457         2.5077757276693653       8.881308471979459
3                         2.4000000000000004       8.636363636367973
2.6925722967248875        2.8189224397501866       9.588460090342755
2.5999999999999996        3                        10
2.849962623009971         2.700074716276371        9.318351627903146
3                         2.5999999999999996       9.090909090912108
2.868805481607138         2.862794746430388        9.688169878251983
2.8                       3                        10
3.0000000000000004        2.8000000000000003       9.545454545456131
3                         3                        10